INFO: [SIM 2] *************** CSIM start ***************
INFO: [SIM 4] CSIM will launch GCC as the compiler.
   Compiling ../../../../testbench.cc in debug mode
   Compiling ../../../../src/func.cc in debug mode
   Generating csim.exe
Will run 2 tests with max dimension 6
Test 0, with dimension 5
Matrix A
   1094     715    1555    2132    2185 
   1396     929    2036    1305    2486 
   2573     887    2595     214    3790 
   1955     459    1774    1119    3096 
    643    1349    2986    1483     285 
Matrix B
    878     986    2545    1081     832 
   2141    2589    4006     995    3930 
   3768     851    3321    2936    3677 
    788    2670    2015    3907    3304 
    396    1572    3385     195    3969 

Matrix C

10895863 13380384 22504880 15215318 25154286 
12899121 12906615 25080635 13994532 26477468 
15605593 13571026 31979962 12858046 30918027 
11491429 12480297 25440428 12754177 25938628 
15985475 11075275 20910005 16653890 22847065 

Matrix C from the FPGA simulation

10895863 13380384 22504880 15215318 25154286 
12899121 12906615 25080635 13994532 26477468 
15605593 13571026 31979962 12858046 30918027 
11491429 12480297 25440428 12754177 25938628 
15985475 11075275 20910005 16653890 22847065 

Test 1, with dimension 5
Matrix A
   2858     917    2141    3924    3932 
   2936    3964    2399    2629     883 
   2853    3186     170    1813    2761 
    395    1231    1137    1454     258 
    374    1915     609    2126    2428 
Matrix B
   3641    3710     142     981    3505 
    624    1510    1883    2210    1837 
   1280     330    2476     365    1686 
   1523    1312    3372     965    1291 
   3194     243     218    3238    3010 

Matrix C

32253726 18798144 21522567 22130209 32212749 
23058501 21333687 22878530 17912430 27669131 
24173270 18501169 13540618 20591566 26790260 
6700193 5669812 10148407 5761524 8216498 
14329144 7859476 12865113 14734783 15908445 

Matrix C from the FPGA simulation

32253726 18798144 21522567 22130209 32212749 
23058501 21333687 22878530 17912430 27669131 
24173270 18501169 13540618 20591566 26790260 
6700193 5669812 10148407 5761524 8216498 
14329144 7859476 12865113 14734783 15908445 

INFO: [SIM 1] CSim done with 0 errors.
INFO: [SIM 3] *************** CSIM finish ***************
